;   nr   type  resnr residue  atom   cgnr     charge  (mass)  
            nan            nan            nan     2.96000000     0.21000000    -0.50000000 
            nan            nan            nan     3.75000000     0.10500000     0.50000000 
            nan            nan            nan     3.50000000     0.06600000    -0.18000000 
            nan            nan            nan     2.50000000     0.03000000     0.06000000 
            nan            nan            nan     2.50000000     0.03000000     0.06000000 
            nan            nan            nan     2.50000000     0.03000000     0.06000000 
            nan            nan            nan     3.25000000     0.17000000    -0.38500000 
            nan            nan            nan     0.50000000     0.03000000     0.30000000 
            nan            nan            nan     3.55000000     0.07000000     0.08500000 
            nan            nan            nan     3.55000000     0.07000000    -0.11500000 
            nan            nan            nan     2.42000000     0.03000000     0.11500000 
            nan            nan            nan     3.55000000     0.07000000    -0.11500000 
            nan            nan            nan     2.42000000     0.03000000     0.11500000 
            nan            nan            nan     3.55000000     0.07000000     0.15000000 
            nan            nan            nan     3.07000000     0.17000000    -0.58500000 
            nan            nan            nan     0.50000000     0.03000000     0.43500000 
            nan            nan            nan     3.55000000     0.07000000    -0.11500000 
            nan            nan            nan     2.42000000     0.03000000     0.11500000 
            nan            nan            nan     3.55000000     0.07000000    -0.11500000 
            nan            nan            nan     2.42000000     0.03000000     0.11500000 

 
